1631		25.071612	75.584455			Active
1630		25.08985	75.63797			Active
1629		25.201931	75.746271			Active
1628		25.152766	75.756328			Active
1627		25.108492	74.92996			Active
1626		25.16942	76.04449			Active
1625		25.147915	76.241344			Active
1624		25.147931	76.241345			Active
1623		25.079084	76.491033			Active
1622		25.16573	76.197526			Active
1621		25.053124	76.538524			Active
1620		24.965184	76.59358			Active
1619		25.288913	75.751598			Active
1618		25.576531	75.493353			Active
1617		25.639961	75.4659			    Active
1616		25.458813	75.592674			Active
1615		25.680711	75.439352			Active
1614		25.50632	75.540772			Active
1613		25.381808	75.670088			Active
1612		25.761652	75.400219			Active
1611		25.868075	75.549224			Active
1610		26.005284	75.681386			Active
1609		26.178098	75.812632			Active
1608		26.149088	75.791905			Active
1607		26.546354	75.947935			Active
1606		26.828858	75.73396			Active
1605		27.795784	76.236999			Active
1604		27.452974	76.021351			Active
1603		27.411847	75.995407			Active
1602		27.662672	76.152196			Active
1601		27.408403	75.994093			Active
1600		27.236867	75.949459			Active
1599		27.485001	76.051159			Active
1598		18.487058	74.016138			Active
1597		25.97621	75.957804			Active
1596		26.56235	75.298348			Active
1595		26.644381	77.595869			Active
1594		27.189747	77.453538			Active
1593		26.9148	    76.455161			Active
1592		27.16304	77.315414			Active
1591		26.47867	76.757199			Active
1590		18.0005449	73.46527			Active
1589		18.6929343	73.051074			Active
1588		26.007459	76.341711			Active
1586		26.87767	76.214611			Active
1585		27.053782	76.944044			Active
1584		27.054015	76.943741			Active
1583		26.487481	76.432583			Active
1582		26.312989	76.385482			Active
1581		26.590648	76.329668			Active
1580		21.086323	72.949279			Active
1579		25.63961	76.18606			Active
1578		16.4620824	79.9169391			Active
1577		26.575775	75.643203			Active
1576		26.571536	75.557311			Active
1575		23.99983	73.640529			Active
1574		15.942701	74.524296			Active
1573		26.426337	75.93734			Active
1572		26.369763	75.947809			Active
1571		26.25015	75.85745			Active
1570		26.063596	75.861785			Active
1569		26.814614	75.503199			Active
1568		26.668426	75.931038			Active
1567		27.552248	76.074314			Active
1566		27.652699	76.140874			Active
1565		26.823955	75.550581			Active
1564		27.657779	76.130921			Active
1563		21.714724	85.70893			Active
1562		18.525475	72.94817			Active
1561		22.388784	69.864412			Active
1560		26.994794	75.768051			Active
1559		23.846996	86.452282			Active
1557		27.100652	75.839876			Active
1556		27.3711257	75.9570972			Active
1555		27.10033	75.839488			Active
1554		28.4054132	76.9836947			Active
1553		17.602907	78.479322			Active
1552		17.615258	78.486069			Active
1551		17.620067	78.4863826			Active
1550		25.9058932	73.47279			Active
1549		15.0993794	76.5432532			Active
1548		25.3452792	74.5576986			Active
1547		28.2651837	76.8301526			Active
1546		15.19751	76.77204			Active
1544		25.569599	78.494195			Active
1543		15.088254	77.650667			Active
1542		25.603676	77.733107			Active
1541		13.152731	77.338098			Active
1540		13.058364	77.466175			Active
1539		18.962388	73.163971			Active
1538		22.5966667	75.693205			Active
1537		28.1388893	76.8162381			Active
1535		28.2651837	76.8301526			Active
1534		26.831528	75.577746			Active
1533		19.106296	77.324034			Active
1532		25.856085	74.703527			Active
1531		27.335411	77.738953			Active
1530		19.255025	73.044189			Active
1529		26.7522829	83.2249937			Active
1528		19.5902486	78.4906371			Active
1527		19.866194	75.247442			Active
1526		13.757238	77.785896			Active
1525		24.272435	87.8861694			Active
1524		21.136665	78.903678			Active
1523		25.6510465	74.5997734			Active
1522		24.9569433	74.6282867			Active
1521		24.7488146	74.4729693			Active
1520		24.612955	74.2559775			Active
1519		24.7080356	74.3608219			Active
1518		24.8694785	74.5857871			Active
1517		24.8748072	74.3088912			Active
1516		24.8514342	74.2088645			Active
1515		24.4092952	73.6295776			Active
1514		24.6591163	73.8727718			Active
1513		24.8223355	74.0876516			Active
1512		24.9634552	74.1325736			Active
1511		25.0104606	74.1136212			Active
1510		25.1459433	74.21416			Active
1509		25.2099682	74.3485206			Active
1508		25.8607349	74.6184371			Active
1507		25.8104144	74.6158066			Active
1506		26.1760411	74.7086183			Active
1505		21.1037897	86.5323143			Active
1504		26.4489401	74.7895836			Active
1503		26.6579393	75.1724077			Active
1502		26.6574689	75.1722011			Active
1501		24.7692633	84.3483631			Active
1500		26.6887065	88.390908			Active
1499		27.2910353	77.7921485			Active
1498		12.821392	77.78577			Active
1497		17.6564131	82.9300033			Active
1496		21.4199405	83.87957			Active
1495		18.5011384	73.9337663			Active
1494		19.8749989	78.5659736			Active
1493		14.1135483	79.87495			Active
1492		22.5550886	88.1585428			Active
1491		16.4249935	80.5745096			Active
1490		26.1932163	85.3159418			Active
1489		26.9276549	81.2265091			Active
1488		26.622586	81.3542796			Active
1487		20.5536549	78.8501307			Active
1486		26.7673022	82.175817			Active
1485		26.7957617	77.9119717			Active
1484		30.2495947	76.8543088			Active
1483		27.1651252	77.8145571			Active
1482		21.0488683	79.0506863			Active
1481		28.254776	76.82144			Active
1480		20.8581078	78.9644226			Active
1479		22.2492424	73.2168498			Active
1478		22.9329892	79.19176			Active
1477		21.236053	81.4749			    Active
1476		26.3115463	89.75671			Active
1475		22.6287167	79.222323			Active
1474		25.88674	78.3341114			Active
1473		25.458818	78.4828827			Active
1472		25.4017138	81.8268077			Active
1471		19.670446	73.042929			Active
1470		25.7354428	73.3246805			Active
1469		24.9028449	71.7421832			Active
1468		25.031113	72.940018			Active
1467		27.123911	93.86293			Active
1465		26.478254	90.96743			Active
1464		26.092251	91.550758			Active
1463		26.983392	77.9516556			Active
1462		22.6372161	75.8679284			Active
1461		22.7074394	70.4688568			Active
1460		23.0535301	70.7272956			Active
1459		23.3074336	70.493879			Active
1458		23.4312193	70.8986478			Active
1457		23.7151309	71.1003416			Active
1456		23.7583247	71.1616642			Active
1455		23.7986951	71.4896382			Active
1454		23.9325912	71.7946183			Active
1453		24.1257295	71.9545782			Active
1452		24.1232822	71.9527761			Active
1451		24.4151119	72.1545721			Active
1450		24.6100811	72.5112717			Active
1449		24.5948081	72.4566089			Active
1448		24.8582361	72.8236823			Active
1447		24.8121469	72.7790835			Active
1446		25.0425169	72.9538083			Active
1445		25.1440706	73.034395			Active
1444		25.5585674	73.279397			Active
1443		25.6874722	73.317932			Active
1442		25.8266766	73.4498856			Active
1441		25.9055722	73.6425161			Active
1440		25.9100522	73.6553609			Active
1439		25.9933594	73.8296368			Active
1438		25.9979447	73.8377635			Active
1437		26.0600581	74.048845			Active
1436		26.0667765	74.0683369			Active
1435		26.0715022	74.163832			Active
1434		19.0846201	72.8866663			Active
1433		28.3856993	76.934887			Active
1432		26.8761527	75.7123742			Active
1431		26.8732571	75.7209793			Active
1430		24.5923929	74.5278258			Active
1429		24.8344027	74.5941756			Active
1428		22.9439581	74.1982873			Active
1427		23.2633392	74.262379			Active
1426		23.27500877	74.2776666			Active
1425		23.3558812	74.3132018			Active
1424		23.5033582	74.3653433			Active
1423		23.8546358	74.6575123			Active
1422		23.7526479	74.4007756			Active
1421		24.6611665	74.6716207			Active
1420		24.0113539	74.7733231			Active
1419		24.4065496	74.7079543			Active
1418		25.3285144	74.5662093			Active
1417		17.741653	74.005768			Active
1416		26.2613779	80.4943334			Active
1414		24.2483231	74.7152036			Active
1413		24.5807893	74.6724063			Active
1412		23.8298954	75.1036777			Active
1410		22.6002102	75.1040411			Active
1409		22.6664458	74.9384828			Active
1408		22.6987698	75.4375272			Active
1407		22.888901	75.24739			Active
1406		23.1146125	75.2031022			Active
1405		23.3021638	75.0715076			Active
1404		25.0903601	75.6377041			Active
1403		25.1018668	75.5139316			Active
1402		24.6881176	74.6516192			Active
1400		24.8746598	74.6720663			Active
1399		25.0941242	75.1770317			Active
1398		24.3406832	74.9573082			Active
1397		24.263544	74.9968801			Active
1396		24.1607759	75.0169692			Active
1395		24.0181638	75.0834303			Active
1394		23.6647247	75.1215646			Active
1393		23.421353	75.0667413			Active
1392		24.9070049	76.4474935			Active
1391		24.9237931	76.2942717			Active
1390		24.6737596	76.8534449			Active
1389		24.8791	    76.6651327			Active
1388		24.8173151	76.5257071			Active
1387		25.0911167	76.5341436			Active
1386		24.7939179	76.7195349			Active
1385		25.1688524	76.0999802			Active
1384		25.1689999	76.0998223			Active
1382		25.1498714	76.2623011			Active
1381		25.1472322	75.32321241			Active
1379		24.4947803	74.8953371			Active
1377		25.1063866	74.8965414			Active
1372		24.9786208	74.7220107			Active
1369		24.409149	74.914742			Active
1368		24.571562	74.762482			Active
1365		17.8642104	78.4650263			Active
1363		13.070931	77.442184			Active
1362		21.4778288	78.9011666			Active
1360		28.29361	76.864204			Active
1359		18.6679394	73.7278731			Active
1358		27.1950264	75.894722			Active
1357		14.217111	76.417759			Active
1356		13.9194299	76.651681			Active
1353		25.1147199	74.10326			Active
1352		18.911098	72.984707			Active
1351		19.783332	72.783453			Active
1350		18.821853	73.0927971			Active
1349		18.7160347	73.0592051			Active
1348		18.93508	73.13106			Active
1347		18.961352	73.146393			Active
1346		18.889803	73.2623382			Active
1345		19.4904246	72.9064959			Active
1344		19.7757427	72.9132493			Active
1343		18.8059087	73.3202085			Active
1342		19.531407	72.916417			Active
1338		26.8584516	75.662417			Active
1333		21.5051333	78.8504161			Active
1331		16.529004	74.322544			Active
1328		21.298561	74.868075			Active
1327		22.7900741	75.9365994			Active
1326		21.3309075	74.9045411			Active
1325		22.0297214	75.3520941			Active
1324		21.216355	74.833071			Active
1323		21.000241	74.78404			Active
1322		20.6449819	74.6626585			Active
1321		20.5670398	74.5637198			Active
1320		20.4519763	74.3937013			Active
1319		20.148693	73.98059			Active
1318		19.917736	73.7129701			Active
1317		19.6284223	73.4529802			Active
1309		23.1503341	76.1508657			Active
1308		22.9386561	76.0601604			Active
1307		22.511374	75.661202			Active
1306		21.484102	75.002499			Active
1305		24.293415	77.077153			Active
1304		23.9352153	76.915241			Active
1303		23.461362	76.341943			Active
1302		23.899463	76.888587			Active
1300		21.6999268	75.1149336			Active
1299		22.251032	75.474482			Active
1298		24.8973566	77.508033			Active
1297		24.737666	77.366489			Active
1296		24.466363	77.1715941			Active
1295		24.034674	76.951707			Active
1294		23.8055312	76.8130451			Active
1293		23.6154339	76.5468761			Active
1292		23.3221828	76.1697897			Active
1291		22.9017662	75.9764564			Active
1290		22.59882	75.708055			Active
1289		22.393231	75.539089			Active
1288		21.963072	75.288546			Active
1287		21.8644249	75.202788			Active
1286		21.53532	75.048916			Active
1285		21.398551	74.964035			Active
1284		20.879847	74.7884524			Active
1283		20.389355	74.3284616			Active
1282		20.2390467	74.0698423			Active
1281		20.0442432	73.8736635			Active
1280		19.74218	73.640194			Active
1279		19.695681	73.594271			Active
1278		19.695468	73.537142			Active
1277		19.539264	73.347374			Active
1276		19.3790917	73.2106671			Active
1275		208998470	74.7884524			Active
1274		22.640606	75.877529			Active
1271		18.4885742	74.0656011			Active
1270		18.4878463	74.1020412			Active
1269		18.4348683	74.450019			Active
1268		18.4891306	74.0364404			Active
1267		18.42988	74.461585			Active
1263		13.06183	80.1467312			Active
1262		13.055443	80.092216			Active
1261		12.8740219	79.6955357			Active
1260		12.8983003	79.5534433			Active
1259		12.8978814	79.4946805			Active
1258		12.9470442	79.223539			Active
1256		12.8905543	78.9098486			Active
1255		12.6439876	78.5799422			Active
1254		12.5532453	78.4534476			Active
1253		12.5435896	78.3110773			Active
1252		12.5422252	78.2028032			Active
1251		12.5679821	78.1748036			Active
1247		13.1560045	77.328344			Active
1246		13.2508448	77.22117			Active
1245		13.304548	77.158638			Active
1244		13.3032653	77.1604582			Active
1242		13.7634443	76.8637259			Active
1241		13.9291111	76.6299206			Active
1240		14.0310219	76.5768786			Active
1239		14.245841	76.367501			Active
1238		14.6542202	75.5691425			Active
1237		14.6946102	75.5295819			Active
1234		15.1289085	75.148606			Active
1233		15.3314731	75.10133			Active
1231		15.5544986	74.8248912			Active
1230		15.7774141	74.6354173			Active
1228		16.0515932	74.513582			Active
1227		16.142589	74.517092			Active
1226		16.2733915	74.4576639			Active
1225		16.3435845	74.4029821			Active
1224		23.5789917	73.312797			Active
1223		23.423423	73.382274			Active
1222		23.011501	73.61919116			Active
1221		22.811243	73.646837			Active
1220		22.729664	73.590602			Active
1219		22.505948	73.457778			Active
1216		16.6183804	74.2989751			Active
1215		16.8338138	74.289127			Active
1214		16.8789908	74.297532			Active
1213		17.0865731	74.2194878			Active
1212		17.2874408	74.1697536			Active
1211		17.7671432	73.9894683			Active
1210		17.9230426	73.9746906			Active
1209		18.0328095	74.021286			Active
1208		18.3567168	73.8535715			Active
1207		18.3686364	73.8540636			Active
1206		18.7241021	74.0214553			Active
1205		18.6974995	73.7051544			Active
1204		18.7902615	73.3008845			Active
1203		19.3430292	72.8913943			Active
1202		19.3164982	72.9454834			Active
1201		19.2432411	73.0453478			Active
1197		26.2724958	74.2023455			Active
1194		21.073966	72.979811			Active
1193		22.005526	73.112044			Active
1192		22.719397	72.701856			Active
1190		28.389885	76.696648			Active
1188		21.041311	72.976072			Active
1186		26.32244	74.155333			Active
1185		26.2562567	74.4910732			Active
1184		26.429886	74.6861995			Active
1183		26.5645227	74.8018554			Active
1181		28.120729	77.331207			Active
1180		26.8733696	75.7220992			Active
1179		22.4005467	87.686479			Active
1178		22.0642142	88.0814152			Active
1177		22.1904933	87.9162917			Active
1176		22.4323942	87.8671748			Active
1175		22.4340041	87.8643383			Active
1174		22.4707103	87.9850093			Active
1173		22.619761	88.28666			Active
1172		23.2692915	87.8217714			Active
1171		23.2692915	87.8217714			Active
1170		23.47276	87.411037			Active
1169		23.7687165	86.8339367			Active
1168		23.7619947	86.7941447			Active
1167		23.8784975	86.3136279			Active
1166		23.8152325	86.5617309			Active
1165		22.682803	75.95605			Active
1164		23.9916058	86.010891			Active
1163		24.4107693	85.2392745			Active
1162		24.916891	84.111736			Active
1161		24.704425	84.474088			Active
1160		24.91051	84.169478			Active
1158		25.2416761	83.4147152			Active
1157		25.2464293	83.3885502			Active
1156		22.291574	73.252996			Active
1153		25.2491807	82.947235			Active
1152		25.2647998	82.9020267			Active
1151		25.5913565	81.8620622			Active
1150		25.5756865	81.5283045			Active
1149		25.6488308	81.3599905			Active
1142		26.5053174	80.4626977			Active
1141		26.483607	80.453646			Active
1139		25.8796436	80.9289438			Active
1138		26.451235	80.197259			Active
1137		26.3863927	80.0221043			Active
1136		27.2318795	78.1680066			Active
1135		25.27758	77.625557			Active
1134		27.8591872	77.3998558			Active
1133		27.8591872	77.3998558			Active
1131		27.3707327	77.7034453			Active
1129		22.4775723	88.064002			Active
1128		26.367342	78.087044			Active
1127		25.948944	77.804024			Active
1126		26.416862	78.057709			Active
1125		26.507795	77.97297			Active
1123		25.08852	77.595749			Active
1119		26.7399121	74.8955037			Active
1117		26.673388	77.897659			Active
1116		27.041521	77.975197			Active
1108		23.641209	87.110127			Active
1102		23.295702	70.370911			Active
1098		27.0723	    77.955464			Active
1095		28.204428	76.77977			Active
1082		26.592529	74.926399			Active
1079		26.99738	75.7704597			Active
1078		27.000164	75.774231			Active
1077		18.7456916	73.7884092			Active
1069		25.641515	74.59635			Active
1056		18.732857	73.976418			Active
1054		25.069805	74.623451			Active
1053		18.806747	73.872795			Active
1050		18.486395	74.040672			Active
1049		18.960299	73.148003			Active
1043		20.311232	72.901917			Active
1040		21.555344	73.006744			Active
1039		22.394215	73.136009			Active
1037		22.347044	73.241318			Active
1035		26.094332	74.682327			Active
1034		26.287424	74.752785			Active
1031		23.111103	72.674141			Active
1029		23.420826	72.836388			Active
1026		24.7185772	74.3958779			Active
1025		24.538351	73.706856			Active
1019		27.183359	75.8797			    Active
1018		27.292418	75.962219			Active
1016		27.26738	75.949638			Active
1014		28.30899	76.88279			Active
1013		26.836101	75.593116			Active
1012		26.723405	75.293356			Active
1011		28.382637	76.969078			Active